k:
0.240582	0.776899	0.754715	17.079781	1.248482	
0.228999	0.969854	0.487763	17.746765	1.891847	
0.295889	0.050604	0.908016	25.606459	1.024756	
0.745262	0.233025	0.781117	7.115984	1.307693	
0.981749	0.889764	0.317179	7.598417	1.351432	
a
-0.427703	-0.342754	-0.094849	-19.256671	-1.501743	
-0.251336	-0.440437	0.428070	-28.718557	-0.468723	
-0.451610	-0.046459	0.114377	-25.509610	-1.359065	
-0.138620	-0.210551	-0.083735	-51.774245	-1.692750	
0.493037	0.107414	-0.213854	-51.384722	-1.707847	
A
-0.309122	0.230534	0.038150	0.218686	-0.037028	
0.425223	0.421167	0.027532	-0.221593	0.018989	
0.326602	-0.135248	-0.416562	0.046410	0.275409	
-0.189673	0.337859	-0.383733	0.135256	0.431145	
0.108876	0.192314	-0.261276	-0.485867	0.259395	
b:
0.125738	0.391143	-0.198184	0.195544	-0.443990	
c
0.285205	-0.403933	-0.110840	3.291688	-0.078119	
