k:
0.240582	0.776899	0.754715	0.857412	0.519399	
0.228999	0.969854	0.487763	0.548092	0.818846	
0.295889	0.050604	0.908016	0.427414	0.053152	
0.745262	0.233025	0.781117	0.599964	0.491107	
0.981749	0.889764	0.317179	0.370331	0.672147	
a
-0.427703	-0.342754	-0.094849	-0.339164	-0.435645	
-0.251336	-0.440437	0.428070	-0.373184	0.405190	
-0.451610	-0.046459	0.114377	0.178732	-0.036063	
-0.138620	-0.210551	-0.083735	-0.178545	-0.082477	
0.493037	0.107414	-0.213854	0.250083	-0.360756	
A
-0.309122	0.230534	0.038150	0.218686	-0.037028	
0.425223	0.421167	0.027532	-0.221593	0.018989	
0.326602	-0.135248	-0.416562	0.046410	0.275409	
-0.189673	0.337859	-0.383733	0.135256	0.431145	
0.108876	0.192314	-0.261276	-0.485867	0.259395	
b:
0.125738	0.391143	-0.198184	0.039496	-0.466473	
c
0.285205	-0.403933	-0.110840	-0.255876	-0.050429	
